200 1 0.563918 0.913167 0.913167
200 2 0.744795 0.691399 0.345700
200 3 0.802691 0.641531 0.213844
200 4 0.998225 0.515867 0.128967
200 5 1.165594 0.441793 0.088359
200 6 1.317812 0.390762 0.065127
200 7 1.736562 0.296535 0.042362
200 8 1.865613 0.276022 0.034503
200 9 1.938154 0.265692 0.029521
200 10 2.589137 0.198889 0.019889
200 11 2.539056 0.202812 0.018437
200 12 3.028377 0.170042 0.014170
200 13 3.910733 0.131676 0.010129
200 14 3.581519 0.143780 0.010270
200 15 4.951979 0.103989 0.006933
200 16 4.041216 0.127425 0.007964
200 17 4.019072 0.128127 0.007537
200 18 5.029908 0.102378 0.005688
200 19 5.181217 0.099388 0.005231
200 20 5.208920 0.098859 0.004943
1190 1 0.555580 0.815285 0.815285
1190 2 0.623037 0.727013 0.363506
1190 3 0.862561 0.525130 0.175043
1190 4 1.173941 0.385842 0.096461
1190 5 1.073011 0.422136 0.084427
1190 6 1.439569 0.314647 0.052441
1190 7 1.772743 0.255511 0.036502
1190 8 1.849076 0.244963 0.030620
1190 9 2.252576 0.201084 0.022343
1190 10 2.845152 0.159203 0.015920
1190 11 2.716130 0.166765 0.015160
1190 12 2.926983 0.154752 0.012896
1190 13 3.428405 0.132119 0.010163
1190 14 4.284682 0.105715 0.007551
1190 15 3.142434 0.144142 0.009609
1190 16 3.881369 0.116700 0.007294
1190 17 5.963193 0.075959 0.004468
1190 18 4.987054 0.090826 0.005046
1190 19 5.180386 0.087437 0.004602
1190 20 5.690219 0.079603 0.003980
2180 1 0.501932 0.829542 0.829542
2180 2 0.856473 0.486149 0.243075
2180 3 1.043321 0.399085 0.133028
2180 4 1.155142 0.360452 0.090113
2180 5 1.149338 0.362273 0.072455
2180 6 1.330621 0.312917 0.052153
2180 7 1.610250 0.258577 0.036940
2180 8 1.830936 0.227410 0.028426
2180 9 2.399582 0.173519 0.019280
2180 10 2.999597 0.138810 0.013881
2180 11 2.735897 0.152189 0.013835
2180 12 2.793048 0.149075 0.012423
2180 13 3.389516 0.122842 0.009449
2180 14 3.749835 0.111038 0.007931
2180 15 4.591501 0.090684 0.006046
2180 16 4.357115 0.095562 0.005973
2180 17 4.993072 0.083390 0.004905
2180 18 5.628579 0.073975 0.004110
2180 19 6.642369 0.062685 0.003299
2180 20 6.507047 0.063988 0.003199
3170 1 0.601315 1.049944 1.049944
3170 2 0.684178 0.922782 0.461391
3170 3 1.106179 0.570746 0.190249
3170 4 1.286781 0.490641 0.122660
3170 5 1.199672 0.526267 0.105253
3170 6 1.414498 0.446340 0.074390
3170 7 1.735586 0.363766 0.051967
3170 8 2.118253 0.298051 0.037256
3170 9 2.090551 0.302001 0.033556
3170 10 2.342970 0.269465 0.026946
3170 11 2.662233 0.237150 0.021559
3170 12 2.921799 0.216082 0.018007
3170 13 3.639914 0.173451 0.013342
3170 14 4.386695 0.143923 0.010280
3170 15 5.588691 0.112969 0.007531
3170 16 4.808579 0.131296 0.008206
3170 17 4.852026 0.130120 0.007654
3170 18 5.080002 0.124281 0.006904
3170 19 5.350779 0.117992 0.006210
3170 20 6.718141 0.093977 0.004699
4160 1 0.638440 1.232443 1.232443
4160 2 1.015782 0.774616 0.387308
4160 3 1.038649 0.757562 0.252521
4160 4 1.288822 0.610512 0.152628
4160 5 1.362161 0.577642 0.115528
4160 6 1.515840 0.519079 0.086513
4160 7 1.745566 0.450765 0.064395
4160 8 2.040352 0.385640 0.048205
4160 9 2.393267 0.328773 0.036530
4160 10 2.572131 0.305910 0.030591
4160 11 2.702082 0.291198 0.026473
4160 12 2.578209 0.305189 0.025432
4160 13 3.337400 0.235765 0.018136
4160 14 3.713482 0.211888 0.015135
4160 15 3.776346 0.208360 0.013891
4160 16 4.417466 0.178120 0.011133
4160 17 5.058305 0.155554 0.009150
4160 18 5.305885 0.148296 0.008239
4160 19 5.931993 0.132644 0.006981
4160 20 5.810026 0.135428 0.006771
5150 1 0.889964 0.745417 0.745417
5150 2 1.060043 0.625818 0.312909
5150 3 1.171602 0.566229 0.188743
5150 4 1.300649 0.510049 0.127512
5150 5 1.510749 0.439116 0.087823
5150 6 1.816712 0.365162 0.060860
5150 7 2.020099 0.328397 0.046914
5150 8 1.799104 0.368736 0.046092
5150 9 2.195655 0.302140 0.033571
5150 10 2.855634 0.232311 0.023231
5150 11 3.097352 0.214181 0.019471
5150 12 3.092600 0.214510 0.017876
5150 13 3.625561 0.182977 0.014075
5150 14 3.730887 0.177812 0.012701
5150 15 4.342465 0.152769 0.010185
5150 16 5.631475 0.117801 0.007363
5150 17 5.880843 0.112806 0.006636
5150 18 4.915386 0.134963 0.007498
5150 19 8.208182 0.080821 0.004254
5150 20 6.499751 0.102065 0.005103
6140 1 0.959620 0.848004 0.848004
6140 2 1.066064 0.763333 0.381666
6140 3 1.300268 0.625841 0.208614
6140 4 1.449620 0.561362 0.140340
6140 5 1.547503 0.525855 0.105171
6140 6 1.833517 0.443825 0.073971
6140 7 1.819173 0.447325 0.063904
6140 8 2.605013 0.312383 0.039048
6140 9 2.834230 0.287119 0.031902
6140 10 3.577317 0.227478 0.022748
6140 11 3.789271 0.214754 0.019523
6140 12 3.585158 0.226981 0.018915
6140 13 4.314544 0.188609 0.014508
6140 14 3.512759 0.231659 0.016547
6140 15 4.758432 0.171015 0.011401
6140 16 4.642839 0.175272 0.010955
6140 17 5.634844 0.144416 0.008495
6140 18 5.510044 0.147687 0.008205
6140 19 6.355767 0.128035 0.006739
6140 20 7.417806 0.109704 0.005485
7130 1 0.809094 1.198410 1.198410
7130 2 1.184613 0.818517 0.409259
7130 3 1.285935 0.754024 0.251341
7130 4 1.651185 0.587231 0.146808
7130 5 1.688509 0.574250 0.114850
7130 6 1.786128 0.542865 0.090478
7130 7 1.867045 0.519337 0.074191
7130 8 2.243957 0.432105 0.054013
7130 9 2.915000 0.332633 0.036959
7130 10 2.993273 0.323935 0.032394
7130 11 4.082124 0.237530 0.021594
7130 12 3.366712 0.288004 0.024000
7130 13 4.011480 0.241713 0.018593
7130 14 4.681437 0.207122 0.014794
7130 15 4.344171 0.223202 0.014880
7130 16 5.745310 0.168768 0.010548
7130 17 5.170839 0.187518 0.011030
7130 18 5.233504 0.185273 0.010293
7130 19 6.423623 0.150947 0.007945
7130 20 6.946291 0.139589 0.006979
8120 1 0.962137 0.840612 0.840612
8120 2 1.046739 0.772670 0.386335
8120 3 1.262247 0.640749 0.213583
8120 4 1.574984 0.513519 0.128380
8120 5 1.704636 0.474461 0.094892
8120 6 2.041027 0.396263 0.066044
8120 7 2.061826 0.392266 0.056038
8120 8 2.486956 0.325210 0.040651
8120 9 3.177976 0.254497 0.028277
8120 10 2.862058 0.282588 0.028259
8120 11 3.647117 0.221760 0.020160
8120 12 4.190932 0.192984 0.016082
8120 13 4.094434 0.197533 0.015195
8120 14 4.034167 0.200483 0.014320
8120 15 4.309212 0.187687 0.012512
8120 16 4.181264 0.193430 0.012089
8120 17 5.526911 0.146336 0.008608
8120 18 5.439716 0.148681 0.008260
8120 19 7.424489 0.108935 0.005733
8120 20 9.425984 0.085804 0.004290
9110 1 0.931202 1.060987 1.060987
9110 2 1.228871 0.803985 0.401992
9110 3 1.384921 0.713394 0.237798
9110 4 1.792816 0.551085 0.137771
9110 5 1.721356 0.573962 0.114792
9110 6 2.204822 0.448106 0.074684
9110 7 2.281454 0.433054 0.061865
9110 8 2.266525 0.435907 0.054488
9110 9 2.718528 0.363430 0.040381
9110 10 3.448189 0.286525 0.028653
9110 11 4.091050 0.241501 0.021955
9110 12 3.706300 0.266571 0.022214
9110 13 3.894336 0.253700 0.019515
9110 14 4.899758 0.201641 0.014403
9110 15 4.839836 0.204138 0.013609
9110 16 5.919436 0.166907 0.010432
9110 17 5.763058 0.171436 0.010084
9110 18 5.773539 0.171124 0.009507
9110 19 7.096002 0.139232 0.007328
9110 20 8.376478 0.117949 0.005897
10100 1 1.081640 0.921602 0.921602
10100 2 1.182966 0.842663 0.421331
10100 3 2.481379 0.401729 0.133910
10100 4 4.334976 0.229953 0.057488
10100 5 1.709998 0.582949 0.116590
10100 6 2.046121 0.487186 0.081198
10100 7 2.356003 0.423107 0.060444
10100 8 2.924154 0.340899 0.042612
10100 9 2.771826 0.359634 0.039959
10100 10 3.495808 0.285153 0.028515
10100 11 3.343822 0.298114 0.027101
10100 12 4.244133 0.234875 0.019573
10100 13 4.535989 0.219763 0.016905
10100 14 4.117998 0.242069 0.017291
10100 15 4.804529 0.207480 0.013832
10100 16 5.418948 0.183955 0.011497
10100 17 6.650754 0.149884 0.008817
10100 18 6.171769 0.161516 0.008973
10100 19 6.464941 0.154192 0.008115
10100 20 8.120283 0.122759 0.006138
11090 1 1.071565 0.891825 0.891825
11090 2 1.226466 0.779189 0.389594
11090 3 4.169171 0.229218 0.076406
11090 4 5.389783 0.177307 0.044327
11090 5 1.730132 0.552356 0.110471
11090 6 2.235964 0.427399 0.071233
11090 7 2.380271 0.401487 0.057355
11090 8 2.595758 0.368158 0.046020
11090 9 2.679965 0.356590 0.039621
11090 10 2.768536 0.345182 0.034518
11090 11 3.766615 0.253715 0.023065
11090 12 3.893800 0.245428 0.020452
11090 13 4.563462 0.209413 0.016109
11090 14 5.403368 0.176862 0.012633
11090 15 5.431193 0.175955 0.011730
11090 16 5.265837 0.181481 0.011343
11090 17 7.192839 0.132861 0.007815
11090 18 7.720144 0.123786 0.006877
11090 19 6.569994 0.145456 0.007656
11090 20 7.555921 0.126477 0.006324
12080 1 1.051986 1.044402 1.044402
12080 2 1.318371 0.833374 0.416687
12080 3 3.551515 0.309360 0.103120
12080 4 5.013756 0.219136 0.054784
12080 5 1.938801 0.566689 0.113338
12080 6 2.255398 0.487141 0.081190
12080 7 2.247201 0.488918 0.069845
12080 8 2.580979 0.425690 0.053211
12080 9 3.339446 0.329006 0.036556
12080 10 3.971434 0.276650 0.027665
12080 11 3.484249 0.315332 0.028667
12080 12 3.534595 0.310841 0.025903
12080 13 4.153890 0.264498 0.020346
12080 14 5.050057 0.217561 0.015540
12080 15 5.237954 0.209757 0.013984
12080 16 7.257619 0.151385 0.009462
12080 17 6.235716 0.176194 0.010364
12080 18 6.316948 0.173928 0.009663
12080 19 9.024440 0.121747 0.006408
12080 20 8.264201 0.132946 0.006647
13070 1 1.156113 0.894132 0.894132
13070 2 1.390316 0.743513 0.371756
13070 3 4.079585 0.253388 0.084463
13070 4 5.332071 0.193868 0.048467
13070 5 2.069844 0.499418 0.099884
13070 6 2.139227 0.483220 0.080537
13070 7 2.400392 0.430645 0.061521
13070 8 2.755512 0.375145 0.046893
13070 9 3.059035 0.337923 0.037547
13070 10 3.117223 0.331615 0.033161
13070 11 3.857986 0.267942 0.024358
13070 12 4.226103 0.244603 0.020384
13070 13 4.124034 0.250657 0.019281
13070 14 5.315183 0.194484 0.013892
13070 15 5.136580 0.201246 0.013416
13070 16 5.989197 0.172597 0.010787
13070 17 6.530191 0.158298 0.009312
13070 18 8.069234 0.128106 0.007117
13070 19 8.590788 0.120329 0.006333
13070 20 7.440020 0.138940 0.006947
14060 1 0.976321 1.228877 1.228877
14060 2 1.359793 0.882324 0.441162
14060 3 1.648780 0.727676 0.242559
14060 4 5.257754 0.228192 0.057048
14060 5 2.017557 0.594669 0.118934
14060 6 2.328086 0.515349 0.085892
14060 7 2.392232 0.501531 0.071647
14060 8 2.713237 0.442194 0.055274
14060 9 2.934402 0.408866 0.045430
14060 10 3.262642 0.367732 0.036773
14060 11 3.962128 0.302811 0.027528
14060 12 5.068718 0.236702 0.019725
14060 13 4.215800 0.284591 0.021892
14060 14 4.777599 0.251126 0.017938
14060 15 5.440883 0.220512 0.014701
14060 16 6.982951 0.171815 0.010738
14060 17 5.952786 0.201549 0.011856
14060 18 6.752770 0.177672 0.009871
14060 19 7.067754 0.169754 0.008934
14060 20 7.842282 0.152988 0.007649
15050 1 1.164872 0.996904 0.996904
15050 2 1.367198 0.849376 0.424688
15050 3 1.708419 0.679731 0.226577
15050 4 6.947536 0.167148 0.041787
15050 5 1.944671 0.597153 0.119431
15050 6 2.156052 0.538607 0.089768
15050 7 2.567633 0.452271 0.064610
15050 8 2.811839 0.412991 0.051624
15050 9 2.903926 0.399895 0.044433
15050 10 3.485211 0.333198 0.033320
15050 11 3.903565 0.297488 0.027044
15050 12 5.219283 0.222495 0.018541
15050 13 5.507688 0.210844 0.016219
15050 14 5.583855 0.207968 0.014855
15050 15 4.964694 0.233905 0.015594
15050 16 7.131259 0.162842 0.010178
15050 17 5.744123 0.202166 0.011892
15050 18 9.177232 0.126538 0.007030
15050 19 8.615873 0.134782 0.007094
15050 20 6.956709 0.166927 0.008346
16040 1 1.102204 1.128936 1.128936
16040 2 1.184547 1.050459 0.525229
16040 3 1.662298 0.748553 0.249518
16040 4 5.628658 0.221068 0.055267
16040 5 2.188329 0.568615 0.113723
16040 6 2.292597 0.542754 0.090459
16040 7 2.482332 0.501269 0.071610
16040 8 2.751336 0.452259 0.056532
16040 9 3.156118 0.394256 0.043806
16040 10 3.411128 0.364782 0.036478
16040 11 4.083531 0.304716 0.027701
16040 12 3.978692 0.312745 0.026062
16040 13 4.449582 0.279648 0.021511
16040 14 4.815509 0.258398 0.018457
16040 15 5.179033 0.240260 0.016017
16040 16 5.203916 0.239112 0.014944
16040 17 6.643801 0.187290 0.011017
16040 18 5.700016 0.218301 0.012128
16040 19 7.376298 0.168691 0.008878
16040 20 9.759684 0.127496 0.006375
17030 1 1.064308 1.134862 1.134862
17030 2 1.666666 0.724705 0.362353
17030 3 1.820872 0.663332 0.221111
17030 4 6.900964 0.175025 0.043756
17030 5 2.070618 0.583324 0.116665
17030 6 2.468818 0.489239 0.081540
17030 7 2.653865 0.455126 0.065018
17030 8 3.142172 0.384397 0.048050
17030 9 3.287921 0.367357 0.040817
17030 10 3.743678 0.322635 0.032264
17030 11 3.763707 0.320918 0.029174
17030 12 4.484399 0.269343 0.022445
17030 13 5.148055 0.234621 0.018048
17030 14 4.871817 0.247924 0.017709
17030 15 5.792697 0.208511 0.013901
17030 16 5.858082 0.206184 0.012886
17030 17 5.781546 0.208913 0.012289
17030 18 6.596893 0.183093 0.010172
17030 19 7.358855 0.164134 0.008639
17030 20 7.044093 0.171469 0.008573
18020 1 1.236364 0.928398 0.928398
18020 2 1.487426 0.771694 0.385847
18020 3 1.964581 0.584266 0.194755
18020 4 7.765131 0.147820 0.036955
18020 5 2.218246 0.517453 0.103491
18020 6 2.303971 0.498200 0.083033
18020 7 2.720282 0.421956 0.060279
18020 8 2.866996 0.400363 0.050045
18020 9 3.677600 0.312116 0.034680
18020 10 3.667834 0.312947 0.031295
18020 11 3.912040 0.293412 0.026674
18020 12 4.343437 0.264269 0.022022
18020 13 5.247736 0.218730 0.016825
18020 14 5.633822 0.203741 0.014553
18020 15 5.574662 0.205903 0.013727
18020 16 5.879342 0.195232 0.012202
18020 17 6.175354 0.185874 0.010934
18020 18 6.158206 0.186392 0.010355
18020 19 8.403429 0.136592 0.007189
18020 20 7.635156 0.150336 0.007517
19010 1 1.290615 1.029591 1.029591
19010 2 1.618267 0.821129 0.410564
19010 3 1.849116 0.718617 0.239539
19010 4 8.184862 0.162349 0.040587
19010 5 2.019832 0.657879 0.131576
19010 6 2.732069 0.486374 0.081062
19010 7 2.968748 0.447598 0.063943
19010 8 3.117538 0.426236 0.053279
19010 9 3.214023 0.413440 0.045938
19010 10 3.702799 0.358865 0.035887
19010 11 4.417891 0.300778 0.027343
19010 12 4.095105 0.324486 0.027041
19010 13 4.895334 0.271443 0.020880
19010 14 5.728785 0.231952 0.016568
19010 15 6.067837 0.218992 0.014599
19010 16 5.796018 0.229262 0.014329
19010 17 6.487969 0.204811 0.012048
19010 18 7.636138 0.174015 0.009668
19010 19 7.686629 0.172872 0.009099
19010 20 7.378894 0.180082 0.009004
20000 1 1.338096 0.926962 0.926962
20000 2 1.399082 0.886557 0.443278
20000 3 2.148706 0.577261 0.192420
20000 4 9.376874 0.132279 0.033070
20000 5 2.333651 0.531513 0.106303
20000 6 2.533611 0.489564 0.081594
20000 7 3.043837 0.407500 0.058214
20000 8 2.976874 0.416667 0.052083
20000 9 3.415150 0.363195 0.040355
20000 10 3.571229 0.347322 0.034732
20000 11 3.932888 0.315383 0.028671
20000 12 4.365693 0.284116 0.023676
20000 13 4.882655 0.254035 0.019541
20000 14 5.185618 0.239193 0.017085
20000 15 5.482037 0.226260 0.015084
20000 16 8.812111 0.140757 0.008797
20000 17 7.067802 0.175495 0.010323
20000 18 7.292093 0.170097 0.009450
20000 19 8.425651 0.147213 0.007748
20000 20 7.338370 0.169025 0.008451
