200 1 0.002509 1.000000 1.000000
200 2 0.000314 7.990446 3.995223
200 3 0.000272 9.224265 3.074755
200 4 0.000257 9.762646 2.440661
200 5 0.000263 9.539924 1.907985
200 6 0.000265 9.467925 1.577987
200 7 0.000271 9.258303 1.322615
200 8 0.000237 10.586498 1.323312
650 1 0.000260 1.000000 1.000000
650 2 0.000252 1.031746 0.515873
650 3 0.000268 0.970149 0.323383
650 4 0.000250 1.040000 0.260000
650 5 0.000269 0.966543 0.193309
650 6 0.000269 0.966543 0.161090
650 7 0.000258 1.007752 0.143965
650 8 0.000296 0.878378 0.109797
1100 1 0.000292 1.000000 1.000000
1100 2 0.000271 1.077491 0.538745
1100 3 0.000255 1.145098 0.381699
1100 4 0.000262 1.114504 0.278626
1100 5 0.000264 1.106061 0.221212
1100 6 0.000249 1.172691 0.195448
1100 7 0.000253 1.154150 0.164879
1100 8 0.000256 1.140625 0.142578
1550 1 0.000249 1.000000 1.000000
1550 2 0.000263 0.946768 0.473384
1550 3 0.000260 0.957692 0.319231
1550 4 0.000262 0.950382 0.237595
1550 5 0.000256 0.972656 0.194531
1550 6 0.000275 0.905455 0.150909
1550 7 0.000279 0.892473 0.127496
1550 8 0.000254 0.980315 0.122539
2000 1 0.000264 1.000000 1.000000
2000 2 0.000276 0.956522 0.478261
2000 3 0.000265 0.996226 0.332075
2000 4 0.000267 0.988764 0.247191
2000 5 0.000260 1.015385 0.203077
2000 6 0.000265 0.996226 0.166038
2000 7 0.000243 1.086420 0.155203
2000 8 0.000266 0.992481 0.124060
