200 1 0.165270 0.999921 0.999921
200 2 0.173881 0.950403 0.475201
200 3 0.183532 0.900426 0.300142
200 4 0.194785 0.848407 0.212102
200 5 0.206120 0.801751 0.160350
200 6 0.215483 0.766914 0.127819
200 7 0.215408 0.767181 0.109597
200 8 0.235733 0.701035 0.087629
1190 1 0.181904 0.963365 0.963365
1190 2 0.189006 0.927166 0.463583
1190 3 0.193661 0.904880 0.301627
1190 4 0.210742 0.831538 0.207885
1190 5 0.224811 0.779499 0.155900
1190 6 0.231427 0.757215 0.126203
1190 7 0.244590 0.716464 0.102352
1190 8 0.345924 0.506585 0.063323
2180 1 0.184376 1.015973 1.015973
2180 2 0.189645 0.987746 0.493873
2180 3 0.199728 0.937881 0.312627
2180 4 0.216166 0.866561 0.216640
2180 5 0.217427 0.861535 0.172307
2180 6 0.244633 0.765723 0.127620
2180 7 0.233744 0.801394 0.114485
2180 8 0.247471 0.756941 0.094618
3170 1 0.200259 0.991891 0.991891
3170 2 0.202753 0.979690 0.489845
3170 3 0.201680 0.984902 0.328301
3170 4 0.223486 0.888803 0.222201
3170 5 0.232140 0.855669 0.171134
3170 6 0.230489 0.861798 0.143633
3170 7 0.273103 0.727326 0.103904
3170 8 0.257163 0.772409 0.096551
4160 1 0.208293 0.997849 0.997849
4160 2 0.220301 0.943459 0.471730
4160 3 0.209606 0.991599 0.330533
4160 4 0.225740 0.920727 0.230182
4160 5 0.225652 0.921086 0.184217
4160 6 0.242532 0.856980 0.142830
4160 7 0.242607 0.856715 0.122388
4160 8 0.258517 0.803990 0.100499
5150 1 0.220414 1.000703 1.000703
5150 2 0.211542 1.042672 0.521336
5150 3 0.213324 1.033962 0.344654
5150 4 0.228535 0.965143 0.241286
5150 5 0.226332 0.974537 0.194907
5150 6 0.298156 0.739777 0.123296
5150 7 0.294084 0.750020 0.107146
5150 8 0.254309 0.867327 0.108416
6140 1 0.230453 1.008943 1.008943
6140 2 0.212718 1.093062 0.546531
6140 3 0.213086 1.091174 0.363725
6140 4 0.220846 1.052833 0.263208
6140 5 0.229087 1.014959 0.202992
6140 6 0.243368 0.955401 0.159233
6140 7 0.247040 0.941200 0.134457
6140 8 0.254804 0.912521 0.114065
7130 1 0.241567 1.001722 1.001722
7130 2 0.226879 1.066573 0.533286
7130 3 0.224479 1.077976 0.359325
7130 4 0.229654 1.053685 0.263421
7130 5 0.270509 0.894547 0.178909
7130 6 0.237910 1.017120 0.169520
7130 7 0.245264 0.986623 0.140946
7130 8 0.267484 0.904663 0.113083
8120 1 0.254498 0.992593 0.992593
8120 2 0.225680 1.119342 0.559671
8120 3 0.223752 1.128987 0.376329
8120 4 0.229870 1.098939 0.274735
8120 5 0.238338 1.059894 0.211979
8120 6 0.262768 0.961354 0.160226
8120 7 0.244317 1.033956 0.147708
8120 8 0.271528 0.930339 0.116292
9110 1 0.259504 0.999037 0.999037
9110 2 0.233360 1.110962 0.555481
9110 3 0.228105 1.136556 0.378852
9110 4 0.234855 1.103890 0.275972
9110 5 0.236172 1.097734 0.219547
9110 6 0.248285 1.044179 0.174030
9110 7 0.257667 1.006159 0.143737
9110 8 0.267141 0.970476 0.121310
10100 1 0.269763 1.016281 1.016281
10100 2 0.236074 1.161310 0.580655
10100 3 0.230165 1.191124 0.397041
10100 4 0.238880 1.147668 0.286917
10100 5 0.238376 1.150095 0.230019
10100 6 0.245064 1.118708 0.186451
10100 7 0.285376 0.960680 0.137240
10100 8 0.259720 1.055579 0.131947
11090 1 0.282516 0.994167 0.994167
11090 2 0.246767 1.138191 0.569096
11090 3 0.237181 1.184193 0.394731
11090 4 0.247055 1.136864 0.284216
11090 5 0.246375 1.140002 0.228000
11090 6 0.248294 1.131191 0.188532
11090 7 0.267361 1.050520 0.150074
11090 8 0.265449 1.058086 0.132261
12080 1 0.290709 0.998982 0.998982
12080 2 0.251681 1.153893 0.576947
12080 3 0.239744 1.211346 0.403782
12080 4 0.250559 1.159060 0.289765
12080 5 0.243072 1.194761 0.238952
12080 6 0.253469 1.145754 0.190959
12080 7 0.269625 1.077100 0.153871
12080 8 0.275154 1.055456 0.131932
13070 1 0.305051 0.996256 0.996256
13070 2 0.256673 1.184032 0.592016
13070 3 0.245537 1.237732 0.412577
13070 4 0.254264 1.195250 0.298812
13070 5 0.281167 1.080884 0.216177
13070 6 0.254747 1.192984 0.198831
13070 7 0.260989 1.164451 0.166350
13070 8 0.271246 1.120418 0.140052
14060 1 0.313907 0.988774 0.988774
14060 2 0.262194 1.183791 0.591896
14060 3 0.248406 1.249499 0.416500
14060 4 0.250028 1.241393 0.310348
14060 5 0.247831 1.252398 0.250480
14060 6 0.257530 1.205230 0.200872
14060 7 0.260430 1.191810 0.170259
14060 8 0.268714 1.155068 0.144384
15050 1 0.323338 0.999282 0.999282
15050 2 0.271703 1.189188 0.594594
15050 3 0.253659 1.273781 0.424594
15050 4 0.257867 1.252995 0.313249
15050 5 0.256753 1.258431 0.251686
15050 6 0.253194 1.276120 0.212687
15050 7 0.259103 1.247018 0.178145
15050 8 0.272590 1.185319 0.148165
16040 1 0.340877 0.997709 0.997709
16040 2 0.274094 1.240801 0.620400
16040 3 0.259675 1.309699 0.436566
16040 4 0.257987 1.318268 0.329567
16040 5 0.258201 1.317175 0.263435
16040 6 0.258777 1.314244 0.219041
16040 7 0.273395 1.243973 0.177710
16040 8 0.304787 1.115848 0.139481
17030 1 0.352244 1.015364 1.015364
17030 2 0.320369 1.116388 0.558194
17030 3 0.259183 1.379936 0.459979
17030 4 0.264626 1.351553 0.337888
17030 5 0.266129 1.343920 0.268784
17030 6 0.265080 1.349238 0.224873
17030 7 0.265518 1.347012 0.192430
17030 8 0.279471 1.279761 0.159970
18020 1 0.351570 1.001843 1.001843
18020 2 0.281829 1.249758 0.624879
18020 3 0.265681 1.325718 0.441906
18020 4 0.264601 1.331129 0.332782
18020 5 0.269633 1.306287 0.261257
18020 6 0.267424 1.317077 0.219513
18020 7 0.265988 1.324188 0.189170
18020 8 0.316448 1.113036 0.139129
19010 1 0.373055 0.991519 0.991519
19010 2 0.290576 1.272958 0.636479
19010 3 0.277482 1.333027 0.444342
19010 4 0.270446 1.367707 0.341927
19010 5 0.267403 1.383272 0.276654
19010 6 0.266330 1.388845 0.231474
19010 7 0.268950 1.375315 0.196474
19010 8 0.276947 1.335602 0.166950
20000 1 0.372948 1.002263 1.002263
20000 2 0.296683 1.259904 0.629952
20000 3 0.271492 1.376807 0.458936
20000 4 0.270764 1.380508 0.345127
20000 5 0.267588 1.396894 0.279379
20000 6 0.273384 1.367278 0.227880
20000 7 0.313276 1.193172 0.170453
20000 8 0.295623 1.264421 0.158053
